010010001010000101
001010010100010100
010010010100010100
010001001001010100
010010010010000101
001000100101011000
100100101000100100
001100101000100010
000000110110100100
001010110101000000
000111010001000010
010101001100100000
011001100001000010
010100010010001001
010100100100110000
010100100101010000
011001001010000010
100010100101000001
100101100001000001
100010101001001000
100100000100101001
010001010000001101
100100101100000100
011001010101000000
001100101000001001
100000011001011000
001010010000101010
001000100001101001
100100110100000100
000110100100001010

